0000  10 56 ca 6b e3 00 f8 4d 89 70 1b ba 08 00 45 00 
0010  00 40 00 00 40 00 40 06 b8 2a 0a cc 02 3e 80 77 
0020  f5 0c d0 61 00 50 52 37 35 68 00 00 00 00 b0 02 
0030  ff ff 96 1b 00 00 02 04 05 b4 01 03 03 06 01 01 
0040  08 0a d1 ea f4 16 00 00 00 00 04 02 00 00       

0000  10 56 ca 6b e3 00 f8 4d 89 70 1b ba 08 00 45 00 
0010  05 d4 00 00 40 00 40 06 b2 96 0a cc 02 3e 80 77 
0020  f5 0c d0 61 00 50 52 37 38 59 fc ec 61 53 50 10 
0030  10 00 89 10 00 00 20 20 20 20 20 20 20 20 20 20 
0040  20 20 20 20 20 20 41 4c 49 43 45 27 53 20 41 44 
0050  56 45 4e 54 55 52 45 53 20 49 4e 20 57 4f 4e 44 
0060  45 52 4c 41 4e 44 0d 0a 0d 0a 20 20 20 20 20 20 
0070  20 20 20 20 20 20 20 20 20 20 20 20 20 20 20 20 
0080  20 20 20 20 4c 65 77 69 73 20 43 61 72 72 6f 6c 
0090  6c 0d 0a 0d 0a 20 20 20 20 20 20 20 20 20 20 20 
00a0  20 20 20 20 54 48 45 20 4d 49 4c 4c 45 4e 4e 49 
00b0  55 4d 20 46 55 4c 43 52 55 4d 20 45 44 49 54 49 
00c0  4f 4e 20 33 2e 30 0d 0a 0d 0a 0d 0a 0d 0a 0d 0a 
00d0  20 20 20 20 20 20 20 20 20 20 20 20 20 20 20 20 
00e0  20 20 20 20 20 20 20 20 20 20 20 20 43 48 41 50 
00f0  54 45 52 20 49 0d 0a 0d 0a 20 20 20 20 20 20 20 
0100  20 20 20 20 20 20 20 20 20 20 20 20 20 20 20 44 
0110  6f 77 6e 20 74 68 65 20 52 61 62 62 69 74 2d 48 
0120  6f 6c 65 0d 0a 0d 0a 0d 0a 20 20 41 6c 69 63 65 
0130  20 77 61 73 20 62 65 67 69 6e 6e 69 6e 67 20 74 
0140  6f 20 67 65 74 20 76 65 72 79 20 74 69 72 65 64 
0150  20 6f 66 20 73 69 74 74 69 6e 67 20 62 79 20 68 
0160  65 72 20 73 69 73 74 65 72 0d 0a 6f 6e 20 74 68 
0170  65 20 62 61 6e 6b 2c 20 61 6e 64 20 6f 66 20 68 
0180  61 76 69 6e 67 20 6e 6f 74 68 69 6e 67 20 74 6f 
0190  20 64 6f 3a 20 20 6f 6e 63 65 20 6f 72 20 74 77 
01a0  69 63 65 20 73 68 65 20 68 61 64 0d 0a 70 65 65 
01b0  70 65 64 20 69 6e 74 6f 20 74 68 65 20 62 6f 6f 
01c0  6b 20 68 65 72 20 73 69 73 74 65 72 20 77 61 73 
01d0  20 72 65 61 64 69 6e 67 2c 20 62 75 74 20 69 74 
01e0  20 68 61 64 20 6e 6f 0d 0a 70 69 63 74 75 72 65 
01f0  73 20 6f 72 20 63 6f 6e 76 65 72 73 61 74 69 6f 
0200  6e 73 20 69 6e 20 69 74 2c 20 60 61 6e 64 20 77 
0210  68 61 74 20 69 73 20 74 68 65 20 75 73 65 20 6f 
0220  66 20 61 20 62 6f 6f 6b 2c 27 0d 0a 74 68 6f 75 
0230  67 68 74 20 41 6c 69 63 65 20 60 77 69 74 68 6f 
0240  75 74 20 70 69 63 74 75 72 65 73 20 6f 72 20 63 
0250  6f 6e 76 65 72 73 61 74 69 6f 6e 3f 27 0d 0a 0d 
0260  0a 20 20 53 6f 20 73 68 65 20 77 61 73 20 63 6f 
0270  6e 73 69 64 65 72 69 6e 67 20 69 6e 20 68 65 72 
0280  20 6f 77 6e 20 6d 69 6e 64 20 28 61 73 20 77 65 
0290  6c 6c 20 61 73 20 73 68 65 20 63 6f 75 6c 64 2c 
02a0  0d 0a 66 6f 72 20 74 68 65 20 68 6f 74 20 64 61 
02b0  79 20 6d 61 64 65 20 68 65 72 20 66 65 65 6c 20 
02c0  76 65 72 79 20 73 6c 65 65 70 79 20 61 6e 64 20 
02d0  73 74 75 70 69 64 29 2c 20 77 68 65 74 68 65 72 
02e0  0d 0a 74 68 65 20 70 6c 65 61 73 75 72 65 20 6f 
02f0  66 20 6d 61 6b 69 6e 67 20 61 20 64 61 69 73 79 
0300  2d 63 68 61 69 6e 20 77 6f 75 6c 64 20 62 65 20 
0310  77 6f 72 74 68 20 74 68 65 20 74 72 6f 75 62 6c 
0320  65 0d 0a 6f 66 20 67 65 74 74 69 6e 67 20 75 70 
0330  20 61 6e 64 20 70 69 63 6b 69 6e 67 20 74 68 65 
0340  20 64 61 69 73 69 65 73 2c 20 77 68 65 6e 20 73 
0350  75 64 64 65 6e 6c 79 20 61 20 57 68 69 74 65 0d 
0360  0a 52 61 62 62 69 74 20 77 69 74 68 20 70 69 6e 
0370  6b 20 65 79 65 73 20 72 61 6e 20 63 6c 6f 73 65 
0380  20 62 79 20 68 65 72 2e 0d 0a 0d 0a 20 20 54 68 
0390  65 72 65 20 77 61 73 20 6e 6f 74 68 69 6e 67 20 
03a0  73 6f 20 56 45 52 59 20 72 65 6d 61 72 6b 61 62 
03b0  6c 65 20 69 6e 20 74 68 61 74 3b 20 6e 6f 72 20 
03c0  64 69 64 20 41 6c 69 63 65 0d 0a 74 68 69 6e 6b 
03d0  20 69 74 20 73 6f 20 56 45 52 59 20 6d 75 63 68 
03e0  20 6f 75 74 20 6f 66 20 74 68 65 20 77 61 79 20 
03f0  74 6f 20 68 65 61 72 20 74 68 65 20 52 61 62 62 
0400  69 74 20 73 61 79 20 74 6f 0d 0a 69 74 73 65 6c 
0410  66 2c 20 60 4f 68 20 64 65 61 72 21 20 20 4f 68 
0420  20 64 65 61 72 21 20 20 49 20 73 68 61 6c 6c 20 
0430  62 65 20 6c 61 74 65 21 27 20 20 28 77 68 65 6e 
0440  20 73 68 65 20 74 68 6f 75 67 68 74 0d 0a 69 74 
0450  20 6f 76 65 72 20 61 66 74 65 72 77 61 72 64 73 
0460  2c 20 69 74 20 6f 63 63 75 72 72 65 64 20 74 6f 
0470  20 68 65 72 20 74 68 61 74 20 73 68 65 20 6f 75 
0480  67 68 74 20 74 6f 20 68 61 76 65 0d 0a 77 6f 6e 
0490  64 65 72 65 64 20 61 74 20 74 68 69 73 2c 20 62 
04a0  75 74 20 61 74 20 74 68 65 20 74 69 6d 65 20 69 
04b0  74 20 61 6c 6c 20 73 65 65 6d 65 64 20 71 75 69 
04c0  74 65 20 6e 61 74 75 72 61 6c 29 3b 0d 0a 62 75 
04d0  74 20 77 68 65 6e 20 74 68 65 20 52 61 62 62 69 
04e0  74 20 61 63 74 75 61 6c 6c 79 20 54 4f 4f 4b 20 
04f0  41 20 57 41 54 43 48 20 4f 55 54 20 4f 46 20 49 
0500  54 53 20 57 41 49 53 54 43 4f 41 54 2d 0d 0a 50 
0510  4f 43 4b 45 54 2c 20 61 6e 64 20 6c 6f 6f 6b 65 
0520  64 20 61 74 20 69 74 2c 20 61 6e 64 20 74 68 65 
0530  6e 20 68 75 72 72 69 65 64 20 6f 6e 2c 20 41 6c 
0540  69 63 65 20 73 74 61 72 74 65 64 20 74 6f 0d 0a 
0550  68 65 72 20 66 65 65 74 2c 20 66 6f 72 20 69 74 
0560  20 66 6c 61 73 68 65 64 20 61 63 72 6f 73 73 20 
0570  68 65 72 20 6d 69 6e 64 20 74 68 61 74 20 73 68 
0580  65 20 68 61 64 20 6e 65 76 65 72 0d 0a 62 65 66 
0590  6f 72 65 20 73 65 65 6e 20 61 20 72 61 62 62 69 
05a0  74 20 77 69 74 68 20 65 69 74 68 65 72 20 61 20 
05b0  77 61 69 73 74 63 6f 61 74 2d 70 6f 63 6b 65 74 
05c0  2c 20 6f 72 20 61 20 77 61 74 63 68 20 74 6f 0d 
05d0  0a 74 61 6b 65 20 6f 75 74 20 6f 66 20 69 74 2c 
05e0  20 61                                           
